885 sylvanas in her throne room
679 resurrect a naruu
667 "10 Years blizzard" into
864 black screen
720 baine and sylvannas at banquet
688 titans looking down on ally leaders
490 illidan seeing malfurion and tyrande
680 resurrect a naruu 2
708 thrall uses the dragon soul (dragon soul no audio)

635	dalaran council thing
636	vaelen and proudmore see final raid
637	dalaran attacks green citadel

689	titans talk to illidan, sargaras revealed

625	some green citadel (probably legion)

189	frostwolf garrison cinematic

74	sky diving onto deathwing
75	thrall uses the dragon soul, deathwing falls to maelstrom
73	thrall uses the dragon soul, deathwing back exposed (with audio)

1
2
14
16
18
21
22
23
27
32
33

76

115
116
117
118
119
120
121

123
126
127
128
151
152
167
168
177
178
185
187
188
190
191
192
193
194
195
198
199
269
270
292
293
294
295
304
308
315
469
470
471
472
473
474
475
476
477
478
483
484
485
486
487
488
489
494
495
496
497

503
504
505
507
509
510
511
512
513
514
515
516
517
518
519
520
523
524
525
526
527
528
529
530
531
532
533
534
535
536
537
538
539
540
541
542
543
544
545
546
547
548
549
550
551
552
553
554
555
556
557
558
559
560
561
562
563
564
565
566
567
568
569
570
571
572
573
574
575
576
577
578
579
580
581
582
583
584
585
586
587
588
589
590
591
592
593
594
595
596
597
598
599
600
601
603
604
605
606
607
608
609
611
612
613
621
623
624
625
628
629
630
632
633
639
641
642
643
644
645
646
647
649
650
651
654
655
656
657
661
662
663
664
665
671
676
677
678
681
682
683
684
685
686
687
690
698
699
700
701
702
703
704
705
706
707
710
711
712
713
714
715
716
717
718
721
722
725
726
728
729
735
736
737
738
744
745
746
747
748
749
750
751
752
755
759
760
761
762
763
764
765
766
767
768
769
773
774
775
776
777
778
779
780
781
783
784
785
787
789
790
791
792
793
794
798
800
804
805
806
807
808
809
810
813
814
816
817
819
820
821
822
823
825
826
827
828
829
830
832
833
834
835
836
837
838
839
840
841
842
843
844
845
846
847
848
849
850
851
852
853
854
856
857
858
859
860
861
862
863
865
866
867
868
869
870
871
872
873
874
875
876
879
881
882
883
884
885
887
888
891
892
893
894
895
896
897
898
899
900
901
902
903
904
905
906
908
909
911
912
913
914
915
916
917
918
920
921
922
923
924
925
926
927
928
929
930
931
932
933
934
938
939
940
941
942
943
944
945
946
947
948
949
950
951
952
953
954
955
956
957
958
959
960
961
962
963
964
966
967
968
969
970
971
972
973
974
975
976
977
978
979
980
981
982
983
984
985
986
987
988
989
990
991
992
993
995
996
997
998
999
1000
